Added 1
Print:
  1 

Added 2
Print:
  1 2 

Added 3
Print:
  1 2 3 

Added 4
Print:
  1 2 3 4 

Added 5
Print:
  1 2 3 4 5 

Added 6
Print:
# 3 
|   1 2 
|   4 5 6 

Added 7
Print:
# 3 
|   1 2 
|   4 5 6 7 

Added 8
Print:
# 3 
|   1 2 
|   4 5 6 7 8 

Added 9
Print:
# 3 6 
|   1 2 
|   4 5 
|   7 8 9 

Added 10
Print:
# 3 6 
|   1 2 
|   4 5 
|   7 8 9 10 

Added 11
Print:
# 3 6 
|   1 2 
|   4 5 
|   7 8 9 10 11 

Added 12
Print:
# 3 6 9 
|   1 2 
|   4 5 
|   7 8 
|   10 11 12 

Added 13
Print:
# 3 6 9 
|   1 2 
|   4 5 
|   7 8 
|   10 11 12 13 

Added 14
Print:
# 3 6 9 
|   1 2 
|   4 5 
|   7 8 
|   10 11 12 13 14 

Added 15
Print:
# 3 6 9 12 
|   1 2 
|   4 5 
|   7 8 
|   10 11 
|   13 14 15 

Added 16
Print:
# 3 6 9 12 
|   1 2 
|   4 5 
|   7 8 
|   10 11 
|   13 14 15 16 

Added 17
Print:
# 3 6 9 12 
|   1 2 
|   4 5 
|   7 8 
|   10 11 
|   13 14 15 16 17 

Added 18
Print:
# 3 6 9 12 15 
|   1 2 
|   4 5 
|   7 8 
|   10 11 
|   13 14 
|   16 17 18 

Added 19
Print:
# 9 
> # 3 6 
  |   1 2 
  |   4 5 
  |   7 8 
> # 12 15 
  |   10 11 
  |   13 14 
  |   16 17 18 19 

Added 20
Print:
# 9 
> # 3 6 
  |   1 2 
  |   4 5 
  |   7 8 
> # 12 15 
  |   10 11 
  |   13 14 
  |   16 17 18 19 20 

Added 21
Print:
# 9 
> # 3 6 
  |   1 2 
  |   4 5 
  |   7 8 
> # 12 15 18 
  |   10 11 
  |   13 14 
  |   16 17 
  |   19 20 21 

Added 22
Print:
# 9 
> # 3 6 
  |   1 2 
  |   4 5 
  |   7 8 
> # 12 15 18 
  |   10 11 
  |   13 14 
  |   16 17 
  |   19 20 21 22 

Added 23
Print:
# 9 
> # 3 6 
  |   1 2 
  |   4 5 
  |   7 8 
> # 12 15 18 
  |   10 11 
  |   13 14 
  |   16 17 
  |   19 20 21 22 23 

Added 24
Print:
# 9 
> # 3 6 
  |   1 2 
  |   4 5 
  |   7 8 
> # 12 15 18 21 
  |   10 11 
  |   13 14 
  |   16 17 
  |   19 20 
  |   22 23 24 

Added 25
Print:
# 9 
> # 3 6 
  |   1 2 
  |   4 5 
  |   7 8 
> # 12 15 18 21 
  |   10 11 
  |   13 14 
  |   16 17 
  |   19 20 
  |   22 23 24 25 

Deleted 1
Print:
# 9 
> # 5 
  |   2 3 4 
  |   6 7 8 
> # 12 15 18 21 
  |   10 11 
  |   13 14 
  |   16 17 
  |   19 20 
  |   22 23 24 25 

Deleted 2
Print:
# 9 
> # 5 
  |   3 4 
  |   6 7 8 
> # 12 15 18 21 
  |   10 11 
  |   13 14 
  |   16 17 
  |   19 20 
  |   22 23 24 25 

Deleted 3
Print:
# 9 
> # 6 
  |   4 5 
  |   7 8 
> # 12 15 18 21 
  |   10 11 
  |   13 14 
  |   16 17 
  |   19 20 
  |   22 23 24 25 

Deleted 4
Print:
# 9 
|   5 6 7 8 
> # 12 15 18 21 
  |   10 11 
  |   13 14 
  |   16 17 
  |   19 20 
  |   22 23 24 25 

Deleted 5
Print:
# 9 
|   6 7 8 
> # 12 15 18 21 
  |   10 11 
  |   13 14 
  |   16 17 
  |   19 20 
  |   22 23 24 25 

Deleted 6
Print:
# 9 
|   7 8 
> # 12 15 18 21 
  |   10 11 
  |   13 14 
  |   16 17 
  |   19 20 
  |   22 23 24 25 

Deleted 7
Print:
# 9 
|   8 
> # 12 15 18 21 
  |   10 11 
  |   13 14 
  |   16 17 
  |   19 20 
  |   22 23 24 25 

Deleted 8
Print:
# 12 15 18 21 
|   9 10 11 
|   13 14 
|   16 17 
|   19 20 
|   22 23 24 25 

Deleted 9
Print:
# 12 15 18 21 
|   10 11 
|   13 14 
|   16 17 
|   19 20 
|   22 23 24 25 

Deleted 10
Print:
# 14 18 21 
|   11 12 13 
|   15 16 17 
|   19 20 
|   22 23 24 25 

Deleted 11
Print:
# 14 18 21 
|   12 13 
|   15 16 17 
|   19 20 
|   22 23 24 25 

Deleted 12
Print:
# 15 18 21 
|   13 14 
|   16 17 
|   19 20 
|   22 23 24 25 

Deleted 13
Print:
# 17 21 
|   14 15 16 
|   18 19 20 
|   22 23 24 25 

Deleted 14
Print:
# 17 21 
|   15 16 
|   18 19 20 
|   22 23 24 25 

Deleted 15
Print:
# 18 21 
|   16 17 
|   19 20 
|   22 23 24 25 

Deleted 16
Print:
# 21 
|   17 18 19 20 
|   22 23 24 25 

Deleted 17
Print:
# 21 
|   18 19 20 
|   22 23 24 25 

Deleted 18
Print:
# 22 
|   19 20 21 
|   23 24 25 

Deleted 19
Print:
# 22 
|   20 21 
|   23 24 25 

Deleted 20
Print:
# 23 
|   21 22 
|   24 25 

Deleted 21
Print:
  22 23 24 25 

Deleted 22
Print:
  23 24 25 

Deleted 23
Print:
  24 25 

Deleted 24
Print:
  25 

Deleted 25
Print:
Tree is Empty

